‰æ‘œƒTƒCƒY: 1296x727
AA: (216, 221, 224)
AKs: (225, 0, 8)
AQs: (252, 2, 7)
AJs: (70, 86, 119)
ATs: (98, 71, 73)
A9s: (255, 254, 251)
A8s: (255, 250, 245)
A7s: (60, 132, 70)
A6s: (29, 54, 29)
A5s: (20, 39, 22)
A4s: (62, 131, 70)
A3s: (62, 131, 67)
A2s: (85, 132, 90)
AKo: (214, 220, 223)
KK: (69, 72, 76)
KQs: (253, 254, 254)
KJs: (16, 41, 77)
KTs: (100, 70, 75)
K9s: (156, 131, 82)
K8s: (20, 52, 20)
K7s: (62, 131, 70)
K6s: (105, 105, 105)
K5s: (182, 181, 183)
K4s: (254, 254, 254)
K3s: (255, 254, 255)
K2s: (166, 163, 168)
AQo: (249, 225, 71)
KQo: (27, 39, 63)
QQ: (237, 253, 255)
QJs: (170, 41, 41)
QTs: (77, 76, 71)
Q9s: (229, 179, 103)
Q8s: (70, 120, 74)
Q7s: (65, 157, 202)
Q6s: (31, 33, 33)
Q5s: (254, 254, 254)
Q4s: (165, 165, 167)
Q3s: (167, 167, 169)
Q2s: (105, 102, 105)
AJo: (199, 141, 76)
KJo: (162, 89, 88)
QJo: (255, 240, 236)
JJ: (155, 127, 66)
JTs: (42, 78, 86)
J9s: (171, 42, 37)
J8s: (229, 174, 70)
J7s: (66, 157, 200)
J6s: (254, 254, 254)
J5s: (167, 167, 168)
J4s: (252, 164, 230)
J3s: (255, 163, 230)
J2s: (78, 27, 67)
ATo: (211, 143, 65)
KTo: (229, 179, 80)
QTo: (203, 152, 68)
JTo: (57, 85, 59)
TT: (49, 60, 67)
T9s: (14, 29, 37)
T8s: (192, 163, 157)
T7s: (61, 133, 68)
T6s: (169, 167, 166)
T5s: (149, 99, 140)
T4s: (252, 164, 232)
T3s: (250, 165, 230)
T2s: (126, 125, 126)
A9o: (208, 141, 60)
K9o: (191, 194, 198)
Q9o: (214, 220, 223)
J9o: (23, 42, 62)
T9o: (51, 51, 51)
99: (12, 12, 12)
98s: (106, 108, 108)
97s: (167, 42, 39)
96s: (32, 33, 30)
95s: (39, 37, 40)
94s: (254, 167, 231)
93s: (139, 138, 141)
92s: (140, 140, 140)
A8o: (212, 142, 63)
K8o: (216, 222, 225)
Q8o: (211, 217, 224)
J8o: (30, 32, 32)
T8o: (94, 50, 79)
98o: (32, 16, 34)
88: (253, 165, 232)
87s: (185, 70, 217)
86s: (65, 63, 65)
85s: (37, 38, 38)
84s: (254, 168, 231)
83s: (136, 138, 135)
82s: (136, 136, 136)
A7o: (212, 142, 65)
K7o: (214, 220, 225)
Q7o: (218, 222, 223)
J7o: (32, 28, 31)
T7o: (91, 50, 77)
97o: (29, 29, 29)
87o: (140, 140, 140)
77: (252, 164, 230)
76s: (234, 173, 62)
75s: (73, 72, 72)
74s: (167, 165, 165)
73s: (139, 137, 140)
72s: (139, 138, 141)
A6o: (212, 142, 65)
K6o: (214, 218, 222)
Q6o: (215, 221, 224)
J6o: (32, 32, 35)
T6o: (75, 63, 77)
96o: (29, 29, 29)
86o: (90, 90, 90)
76o: (137, 137, 137)
66: (137, 137, 137)
65s: (31, 45, 29)
64s: (254, 254, 252)
63s: (250, 166, 233)
62s: (138, 136, 136)
A5o: (211, 141, 61)
K5o: (51, 49, 53)
Q5o: (214, 220, 225)
J5o: (48, 27, 43)
T5o: (78, 63, 78)
95o: (27, 27, 27)
85o: (90, 90, 90)
75o: (137, 137, 137)
65o: (141, 141, 141)
55: (139, 139, 139)
54s: (60, 132, 70)
53s: (255, 163, 227)
52s: (140, 140, 140)
A4o: (199, 143, 79)
K4o: (10, 0, 10)
Q4o: (218, 222, 228)
J4o: (45, 23, 41)
T4o: (69, 69, 67)
94o: (28, 28, 28)
84o: (46, 46, 46)
74o: (137, 137, 137)
64o: (144, 144, 144)
54o: (40, 40, 40)
44: (45, 45, 45)
43s: (255, 181, 234)
42s: (145, 146, 146)
A3o: (95, 100, 200)
K3o: (18, 18, 20)
Q3o: (137, 138, 137)
J3o: (47, 26, 42)
T3o: (70, 70, 68)
93o: (26, 26, 26)
83o: (62, 62, 62)
73o: (137, 137, 137)
63o: (148, 148, 148)
53o: (140, 140, 140)
43o: (48, 48, 48)
33: (66, 157, 200)
32s: (104, 106, 105)
A2o: (212, 212, 212)
K2o: (0, 0, 2)
Q2o: (251, 250, 251)
J2o: (53, 36, 50)
T2o: (70, 70, 68)
92o: (28, 28, 28)
82o: (140, 140, 140)
72o: (137, 137, 137)
62o: (139, 139, 139)
52o: (146, 146, 146)
42o: (50, 50, 50)
32o: (143, 143, 145)
22: (77, 160, 192)
