‰æ‘œƒTƒCƒY: 1296x727
AA: (208, 208, 208)
AKs: (208, 208, 224)
AQs: (240, 224, 224)
AJs: (32, 32, 48)
ATs: (32, 32, 32)
A9s: (160, 32, 32)
A8s: (160, 32, 32)
A7s: (32, 32, 32)
A6s: (32, 32, 32)
A5s: (32, 32, 32)
A4s: (32, 32, 32)
A3s: (32, 32, 32)
A2s: (32, 32, 32)
AKo: (208, 208, 224)
KK: (208, 208, 208)
KQs: (224, 224, 224)
KJs: (16, 32, 64)
KTs: (16, 32, 64)
K9s: (144, 48, 32)
K8s: (48, 128, 64)
K7s: (64, 112, 64)
K6s: (240, 240, 240)
K5s: (240, 240, 240)
K4s: (64, 128, 64)
K3s: (240, 240, 240)
K2s: (240, 240, 240)
AQo: (208, 144, 64)
KQo: (208, 208, 224)
QQ: (224, 224, 224)
QJs: (48, 48, 64)
QTs: (48, 48, 64)
Q9s: (224, 160, 64)
Q8s: (48, 96, 64)
Q7s: (48, 96, 64)
Q6s: (240, 240, 240)
Q5s: (240, 240, 240)
Q4s: (160, 160, 160)
Q3s: (160, 160, 160)
Q2s: (176, 160, 176)
AJo: (208, 128, 64)
KJo: (208, 208, 208)
QJo: (224, 224, 224)
JJ: (112, 64, 32)
JTs: (48, 128, 64)
J9s: (160, 32, 32)
J8s: (80, 80, 32)
J7s: (32, 80, 96)
J6s: (64, 64, 64)
J5s: (96, 48, 112)
J4s: (240, 160, 224)
J3s: (240, 160, 224)
J2s: (240, 160, 224)
ATo: (208, 128, 64)
KTo: (208, 208, 224)
QTo: (224, 224, 224)
JTo: (64, 112, 64)
TT: (80, 144, 160)
T9s: (80, 144, 160)
T8s: (160, 32, 32)
T7s: (64, 112, 80)
T6s: (160, 160, 160)
T5s: (240, 160, 224)
T4s: (240, 160, 224)
T3s: (240, 160, 224)
T2s: (128, 128, 128)
A9o: (208, 128, 64)
K9o: (208, 208, 208)
Q9o: (208, 208, 208)
J9o: (64, 144, 192)
T9o: (240, 240, 240)
99: (240, 240, 240)
98s: (240, 240, 240)
97s: (160, 32, 32)
96s: (240, 240, 240)
95s: (192, 16, 240)
94s: (240, 160, 224)
93s: (128, 128, 128)
92s: (128, 128, 128)
A8o: (208, 128, 64)
K8o: (208, 208, 224)
Q8o: (224, 224, 224)
J8o: (240, 240, 240)
T8o: (240, 160, 224)
98o: (240, 160, 224)
88: (240, 160, 224)
87s: (176, 16, 224)
86s: (240, 240, 240)
85s: (192, 16, 240)
84s: (240, 160, 224)
83s: (128, 128, 128)
82s: (128, 128, 128)
A7o: (208, 128, 64)
K7o: (208, 208, 224)
Q7o: (224, 224, 224)
J7o: (240, 240, 240)
T7o: (240, 160, 224)
97o: (128, 128, 128)
87o: (128, 128, 128)
77: (240, 160, 224)
76s: (224, 160, 64)
75s: (240, 240, 240)
74s: (240, 160, 224)
73s: (128, 128, 128)
72s: (128, 128, 128)
A6o: (208, 128, 64)
K6o: (208, 208, 208)
Q6o: (208, 208, 208)
J6o: (240, 160, 224)
T6o: (240, 160, 224)
96o: (128, 128, 128)
86o: (128, 128, 128)
76o: (128, 128, 128)
66: (128, 128, 128)
65s: (48, 128, 64)
64s: (240, 240, 240)
63s: (240, 160, 224)
62s: (128, 128, 128)
A5o: (208, 128, 64)
K5o: (240, 240, 240)
Q5o: (224, 224, 224)
J5o: (240, 160, 224)
T5o: (240, 160, 224)
95o: (128, 128, 128)
85o: (128, 128, 128)
75o: (128, 128, 128)
65o: (128, 128, 128)
55: (128, 128, 128)
54s: (48, 128, 64)
53s: (240, 160, 224)
52s: (128, 128, 128)
A4o: (208, 128, 48)
K4o: (208, 208, 208)
Q4o: (224, 224, 224)
J4o: (240, 160, 224)
T4o: (128, 128, 128)
94o: (128, 128, 128)
84o: (128, 128, 128)
74o: (128, 128, 128)
64o: (128, 128, 128)
54o: (128, 128, 128)
44: (128, 128, 128)
43s: (240, 160, 224)
42s: (128, 128, 128)
A3o: (16, 0, 0)
K3o: (208, 208, 208)
Q3o: (224, 224, 224)
J3o: (240, 160, 224)
T3o: (128, 128, 128)
93o: (128, 128, 128)
83o: (128, 128, 128)
73o: (128, 128, 128)
63o: (128, 128, 128)
53o: (128, 128, 128)
43o: (128, 128, 128)
33: (128, 128, 128)
32s: (128, 128, 128)
A2o: (208, 208, 208)
K2o: (208, 208, 208)
Q2o: (208, 208, 208)
J2o: (240, 160, 224)
T2o: (64, 64, 64)
92o: (64, 64, 64)
82o: (128, 128, 128)
72o: (128, 128, 128)
62o: (128, 128, 128)
52o: (128, 128, 128)
42o: (128, 128, 128)
32o: (128, 128, 128)
22: (64, 144, 192)
